# GIMP colorrc
# 
# This file holds a list of recently used colors.

(color-history
    (color-rgba 0.22745098173618317 0.16078431904315948 0.15294118225574493 1)
    (color-rgba 0.90196079015731812 0.52549022436141968 0.58039218187332153 1)
    (color-rgba 0.90588235855102539 0.53333336114883423 0.58823531866073608 1)
    (color-rgba 0.16470588743686676 0.074509806931018829 0.047058824449777603 1)
    (color-rgba 0.89803922176361084 0.5215686559677124 0.57254904508590698 1)
    (color-rgba 0.91764706373214722 0.53333336114883423 0.58823531866073608 1)
    (color-rgba 0.074509806931018829 0.039215687662363052 0.027450980618596077 1)
    (color-rgba 0.070588238537311554 0.035294119268655777 0.023529412224888802 1)
    (color-rgba 0.066666670143604279 0.035294119268655777 0.023529412224888802 1)
    (color-rgba 0.91372549533843994 0.54117649793624878 0.61176472902297974 1)
    (color-rgba 0.89019608497619629 0.52549022436141968 0.57647061347961426 1)
    (color-rgba 0.88627451658248901 0.50196081399917603 0.56470590829849243 1)
    (color-rgba 0.92156863212585449 0.54509806632995605 0.60000002384185791 1)
    (color-rgba 0.87058824300765991 0.47058823704719543 0.56862747669219971 1)
    (color-rgba 0.83529412746429443 0.40392157435417175 0.50980395078659058 1)
    (color-rgba 0.85098040103912354 0.41960784792900085 0.50980395078659058 1)
    (color-rgba 0.85882353782653809 0.44705882668495178 0.54509806632995605 1)
    (color-rgba 0.81176471710205078 0.364705890417099 0.47450980544090271 1)
    (color-rgba 0.87058824300765991 0.46666666865348816 0.56078433990478516 1)
    (color-rgba 0.28627452254295349 0.10196078568696976 0.13725490868091583 1)
    (color-rgba 0.29803922772407532 0.13333334028720856 0.16078431904315948 1)
    (color-rgba 0.4117647111415863 0.20392157137393951 0.23137255012989044 1)
    (color-rgba 0.25098040699958801 0.11764705926179886 0.12549020349979401 1)
    (color-rgba 0.37254902720451355 0.17647059261798859 0.20000000298023224 1)
    (color-rgba 0.37647059559822083 0.17647059261798859 0.19607843458652496 1)
    (color-rgba 0.31372550129890442 0.15686275064945221 0.16470588743686676 1)
    (color-rgba 0.89803922176361084 0.58431375026702881 0.63137257099151611 1)
    (color-rgba 0.86274510622024536 0.54901963472366333 0.59607845544815063 1)
    (color-rgba 0.84313726425170898 0.54509806632995605 0.57647061347961426 1)
    (color-rgba 0.9529411792755127 0.63529413938522339 0.68235296010971069 1)
    (color-rgba 0.63137257099151611 0.28235295414924622 0.35294118523597717 1)
    (color-rgba 0.94117647409439087 0.61960786581039429 0.67450982332229614 1)
    (color-rgba 0.94117647409439087 0.61960786581039429 0.66666668653488159 1)
    (color-rgba 0.93725490570068359 0.61568629741668701 0.66274511814117432 1)
    (color-rgba 0.93725490570068359 0.61176472902297974 0.66274511814117432 1)
    (color-rgba 0.93725490570068359 0.62352943420410156 0.66666668653488159 1)
    (color-rgba 0.93333333730697632 0.61960786581039429 0.66666668653488159 1)
    (color-rgba 0.56470590829849243 0.24313725531101227 0.31372550129890442 1)
    (color-rgba 0.92156863212585449 0.58431375026702881 0.63921570777893066 1)
    (color-rgba 0.92941176891326904 0.60000002384185791 0.65098041296005249 1)
    (color-rgba 0.92941176891326904 0.59215688705444336 0.64705884456634521 1)
    (color-rgba 0.93725490570068359 0.60784316062927246 0.65882354974746704 1)
    (color-rgba 0.92941176891326904 0.60000002384185791 0.64705884456634521 1)
    (color-rgba 0.94117647409439087 0.61176472902297974 0.66274511814117432 1)
    (color-rgba 0.93725490570068359 0.61568629741668701 0.66666668653488159 1)
    (color-rgba 0.93725490570068359 0.60784316062927246 0.65490198135375977 1)
    (color-rgba 0.90980392694473267 0.56862747669219971 0.62352943420410156 1)
    (color-rgba 0.92941176891326904 0.60392159223556519 0.64705884456634521 1)
    (color-rgba 0.90588235855102539 0.56470590829849243 0.61960786581039429 1)
    (color-rgba 0.90196079015731812 0.56078433990478516 0.61568629741668701 1)
    (color-rgba 0.89803922176361084 0.55686277151107788 0.61176472902297974 1)
    (color-rgba 0.94117647409439087 0.61176472902297974 0.66666668653488159 1)
    (color-rgba 0.94509804248809814 0.61960786581039429 0.67058825492858887 1)
    (color-rgba 0.87450981140136719 0.52549022436141968 0.57647061347961426 1)
    (color-rgba 0.85490196943283081 0.49411764740943909 0.55294120311737061 1)
    (color-rgba 0.81960785388946533 0.43137255311012268 0.49803921580314636 1)
    (color-rgba 0.89803922176361084 0.58823531866073608 0.63137257099151611 1)
    (color-rgba 0.87843137979507446 0.56862747669219971 0.61176472902297974 1)
    (color-rgba 0.94901961088180542 0.63921570777893066 0.68235296010971069 1)
    (color-rgba 0.93725490570068359 0.61960786581039429 0.66666668653488159 1)
    (color-rgba 0.83921569585800171 0.52549022436141968 0.57254904508590698 1)
    (color-rgba 0.85490196943283081 0.54117649793624878 0.59215688705444336 1)
    (color-rgba 0.69803923368453979 0.35686275362968445 0.41960784792900085 1)
    (color-rgba 0.17254902422428131 0.094117648899555206 0.10196078568696976 1)
    (color-rgba 1 1 1 1)
    (color-rgba 0.074509806931018829 0.035294119268655777 0.023529412224888802 1)
    (color-rgba 0.80784314870834351 0.71764707565307617 0.76862746477127075 1)
    (color-rgba 0.79607844352722168 0.7137255072593689 0.7607843279838562 1)
    (color-rgba 0.80000001192092896 0.70588237047195435 0.75686275959014893 1)
    (color-rgba 0.78823530673980713 0.69803923368453979 0.75294119119644165 1)
    (color-rgba 0.80392158031463623 0.70980393886566162 0.7607843279838562 1)
    (color-rgba 0.34509804844856262 0.15294118225574493 0.16078431904315948 1)
    (color-rgba 0.74901962280273438 0.41960784792900085 0.48235294222831726 1)
    (color-rgba 0.63529413938522339 0.28235295414924622 0.35686275362968445 1)
    (color-rgba 0.85098040103912354 0.5372549295425415 0.59215688705444336 1)
    (color-rgba 0.77254903316497803 0.45490196347236633 0.51372551918029785 1)
    (color-rgba 0.87843137979507446 0.56470590829849243 0.61568629741668701 1)
    (color-rgba 0.64705884456634521 0.29803922772407532 0.3803921639919281 1)
    (color-rgba 0.65490198135375977 0.30980393290519714 0.36862745881080627 1)
    (color-rgba 0.64705884456634521 0.30196079611778259 0.37647059559822083 1)
    (color-rgba 0.61960786581039429 0.29803922772407532 0.35294118523597717 1)
    (color-rgba 0.74117648601531982 0.37647059559822083 0.45098039507865906 1)
    (color-rgba 0.32941177487373352 0.15686275064945221 0.16862745583057404 1)
    (color-rgba 0.65882354974746704 0.30588236451148987 0.3803921639919281 1)
    (color-rgba 0.93725490570068359 0.61960786581039429 0.66274511814117432 1)
    (color-rgba 0.73725491762161255 0.364705890417099 0.43921568989753723 1)
    (color-rgba 0.94509804248809814 0.71764707565307617 0.72549021244049072 1)
    (color-rgba 0.76470589637756348 0.37254902720451355 0.43137255311012268 1)
    (color-rgba 0.74117648601531982 0.36078432202339172 0.44313725829124451 1)
    (color-rgba 0.79607844352722168 0.3960784375667572 0.47843137383460999 1)
    (color-rgba 0.63921570777893066 0.29803922772407532 0.37254902720451355 1)
    (color-rgba 0.93725490570068359 0.61176472902297974 0.66666668653488159 1)
    (color-rgba 0.9529411792755127 0.80392158031463623 0.81960785388946533 1)
    (color-rgba 0.9529411792755127 0.78823530673980713 0.81176471710205078 1)
    (color-rgba 0.94117647409439087 0.72156864404678345 0.78431373834609985 1)
    (color-rgba 0.95686274766921997 0.80392158031463623 0.81960785388946533 1)
    (color-rgba 0.94901961088180542 0.56862747669219971 0.68627452850341797 1)
    (color-rgba 0.96078431606292725 0.87843137979507446 0.86274510622024536 1)
    (color-rgba 0.92941176891326904 0.65098041296005249 0.7607843279838562 1)
    (color-rgba 0.96470588445663452 0.86666667461395264 0.85882353782653809 1)
    (color-rgba 0.96078431606292725 0.86666667461395264 0.85882353782653809 1)
    (color-rgba 0.97647058963775635 0.75294119119644165 0.90980392694473267 1)
    (color-rgba 0.9686274528503418 0.82352942228317261 0.87450981140136719 1)
    (color-rgba 0.96470588445663452 0.82352942228317261 0.86666667461395264 1)
    (color-rgba 0.96078431606292725 0.86666667461395264 0.85490196943283081 1)
    (color-rgba 0.95686274766921997 0.86274510622024536 0.85098040103912354 1)
    (color-rgba 0.95686274766921997 0.82352942228317261 0.83137255907058716 1)
    (color-rgba 0.9686274528503418 0.80000001192092896 0.88627451658248901 1)
    (color-rgba 0.95686274766921997 0.86666667461395264 0.85098040103912354 1)
    (color-rgba 0.98039215803146362 0.74117648601531982 0.93333333730697632 1)
    (color-rgba 0.99215686321258545 0.71764707565307617 0.95686274766921997 1)
    (color-rgba 0.9529411792755127 0.82745099067687988 0.82352942228317261 1)
    (color-rgba 0.98823529481887817 0.7137255072593689 0.95686274766921997 1)
    (color-rgba 0.94901961088180542 0.80784314870834351 0.80784314870834351 1)
    (color-rgba 0.94901961088180542 0.80392158031463623 0.80784314870834351 1)
    (color-rgba 0.98823529481887817 0.72156864404678345 0.9529411792755127 1)
    (color-rgba 0.95686274766921997 0.78823530673980713 0.83529412746429443 1)
    (color-rgba 1 0.68627452850341797 1 1)
    (color-rgba 0.94901961088180542 0.80392158031463623 0.80392158031463623 1)
    (color-rgba 0.9529411792755127 0.82352942228317261 0.81960785388946533 1)
    (color-rgba 0.9843137264251709 0.729411780834198 0.94509804248809814 1)
    (color-rgba 0.98039215803146362 0.73725491762161255 0.92941176891326904 1)
    (color-rgba 0.99607843160629272 0.69803923368453979 0.9843137264251709 1)
    (color-rgba 0.9843137264251709 0.73725491762161255 0.93725490570068359 1)
    (color-rgba 0.9529411792755127 0.83137255907058716 0.82745099067687988 1)
    (color-rgba 0.95686274766921997 0.83529412746429443 0.82745099067687988 1)
    (color-rgba 0.94901961088180542 0.81568628549575806 0.81176471710205078 1)
    (color-rgba 0.9529411792755127 0.83137255907058716 0.82352942228317261 1)
    (color-rgba 0.9529411792755127 0.83921569585800171 0.83137255907058716 1)
    (color-rgba 0.96078431606292725 0.87450981140136719 0.86274510622024536 1)
    (color-rgba 0.9529411792755127 0.82745099067687988 0.82745099067687988 1)
    (color-rgba 0.9529411792755127 0.84313726425170898 0.83529412746429443 1)
    (color-rgba 0.95686274766921997 0.82745099067687988 0.82352942228317261 1)
    (color-rgba 0.95686274766921997 0.85098040103912354 0.83921569585800171 1)
    (color-rgba 0.9529411792755127 0.81960785388946533 0.81568628549575806 1)
    (color-rgba 0.9529411792755127 0.80000001192092896 0.81176471710205078 1)
    (color-rgba 0.9686274528503418 0.76470589637756348 0.87843137979507446 1)
    (color-rgba 0.95686274766921997 0.84313726425170898 0.83529412746429443 1)
    (color-rgba 0.9529411792755127 0.83529412746429443 0.83137255907058716 1)
    (color-rgba 0.95686274766921997 0.85098040103912354 0.84313726425170898 1)
    (color-rgba 0.98823529481887817 0.72156864404678345 0.94901961088180542 1)
    (color-rgba 0.97254902124404907 0.75686275959014893 0.89019608497619629 1)
    (color-rgba 0.9686274528503418 0.75686275959014893 0.89019608497619629 1)
    (color-rgba 1 0.68627452850341797 0.99607843160629272 1)
    (color-rgba 0.95686274766921997 0.85490196943283081 0.84313726425170898 1)
    (color-rgba 0.98367346938775513 0.64697986577181199 0.98367346938775513 1)
    (color-rgba 0 0 0 1)
    (color-rgba 0.96078431372549022 0.76078431372549016 0.90588235294117647 6.9074590474934313e-310)
    (color-rgba 0.96078431372549022 0.76078431372549016 0.90588235294117647 1)
    (color-rgba 0.11764705926179886 0.11764705926179886 0.18039216101169586 1)
    (color-rgba 0.34117648005485535 0.32156863808631897 0.40784314274787903 1))

# end of colorrc
